   0.00000000       1186.7849875647355     
   1.58124994E-02   1204.6085793170096     
   3.16249989E-02   1204.7850258566618     
   4.74375002E-02   1204.6868235634740     
   6.32499978E-02   1204.5732603995957     
   7.90624991E-02   1204.4395175200125     
   9.48750004E-02   1204.2914151005925     
  0.110687494       1204.1333724552665     
  0.126499996       1203.9806248578084     
  0.142312497       1203.8421019893231     
  0.158124998       1203.6866790637607     
  0.173937500       1203.5105648654737     
  0.189750001       1203.3450351569729     
  0.205562487       1203.1325499178040     
  0.221374989       1202.9016465352734     
  0.237187490       1202.6466292505768     
  0.252999991       1202.3999996928449     
  0.268812478       1202.1948381823640     
  0.284624994       1202.0163901687849     
  0.300437480       1201.8284884982413     
  0.316249996       1201.6267816080276     
  0.332062483       1201.4399002335260     
  0.347874999       1201.2458448921752     
  0.363687485       1201.0658469166631     
  0.379500002       1200.9088816082783     
  0.395312488       1200.7657839575409     
  0.411124974       1200.6335893000553     
  0.426937491       1200.4852874701544     
  0.442749977       1200.3216332227641     
  0.458562493       1200.1579582484580     
  0.474374980       1199.9947569739174     
  0.490187496       1199.8124475024233     
  0.505999982       1199.6283425454189     
  0.521812499       1199.4303732588330     
  0.537624955       1199.2399126561011     
  0.553437471       1199.0574919854248     
  0.569249988       1198.8845551561180     
  0.585062504       1198.7244277990671     
  0.600874960       1198.5634176782264     
  0.616687477       1198.3981517148111     
  0.632499993       1198.2219763244084     
  0.648312449       1198.0415419010230     
  0.664124966       1197.8961447980769     
  0.679937482       1197.7728745409217     
  0.695749998       1197.6600700328961     
  0.711562455       1197.5422764988377     
  0.727374971       1197.4328886014425     
  0.743187487       1197.3706398934405     
  0.759000003       1197.3172588426094     
  0.774812460       1197.2653959160778     
  0.790624976       1197.2012913909386     
  0.806437492       1197.1340926901999     
  0.822249949       1197.0604129303090     
  0.838062465       1196.9870254821801     
  0.853874981       1196.9334610121487     
  0.869687498       1196.8981019668474     
  0.885499954       1196.8780769394352     
  0.901312470       1196.8412611253018     
  0.917124987       1196.7669073944428     
  0.932937443       1196.7165021874030     
  0.948749959       1196.6806803404947     
  0.964562476       1196.6172870023622     
  0.980374992       1196.5652156723149     
  0.996187449       1196.5160080277644     
   1.01199996       1196.4727522363639     
   1.02781248       1196.4560952327877     
   1.04362500       1196.4587527174042     
   1.05943751       1196.4809219516233     
   1.07524991       1196.5115540220536     
   1.09106243       1196.5674094587775     
   1.10687494       1196.6494714595974     
   1.12268746       1196.7250686762036     
   1.13849998       1196.7929583838454     
   1.15431249       1196.8791584846438     
   1.17012501       1196.9716187711963     
   1.18593740       1197.0702117211645     
   1.20174992       1197.1658837232603     
   1.21756244       1197.2520099583801     
   1.23337495       1197.3355597016132     
   1.24918747       1197.4471309192613     
   1.26499999       1197.5841056943234     
   1.28081250       1197.7206880666927     
   1.29662490       1197.8600850363730     
   1.31243742       1197.9807456474052     
   1.32824993       1198.0924045762822     
   1.34406245       1198.1903601514316     
   1.35987496       1198.2955441100671     
   1.37568748       1198.4156037593430     
   1.39150000       1198.5413963079895     
   1.40731239       1198.6597855140396     
   1.42312491       1198.7734808958435     
   1.43893743       1198.8948149807811     
   1.45474994       1199.0423770292994     
   1.47056246       1199.1744484081116     
   1.48637497       1199.2981528115531     
   1.50218749       1199.4451556494105     
   1.51800001       1199.5946001057564     
   1.53381240       1199.7528586616077     
   1.54962492       1199.9245233117440     
   1.56543744       1200.1065719710637     
   1.58124995       1200.2978107100337     
   1.59706247       1200.5093725650061     
   1.61287498       1200.7144050157315     
   1.62868750       1200.8919981039999     
   1.64449990       1201.0527317558076     
   1.66031241       1201.2162960647902     
   1.67612493       1201.3728135562319     
   1.69193745       1201.5489972209211     
   1.70774996       1201.7325761073230     
   1.72356248       1201.8977981180894     
   1.73937500       1202.0806273705905     
   1.75518739       1202.2742623325325     
   1.77099991       1202.4948288854730     
   1.78681242       1202.6976653335805     
   1.80262494       1202.9082065983489     
   1.81843746       1203.0954250864909     
   1.83424997       1203.2566987009200     
   1.85006249       1203.4125423920402     
   1.86587489       1203.5566818941236     
   1.88168740       1203.7034329847941     
   1.89749992       1203.8563160394506     
   1.91331244       1203.9829053629167     
   1.92912495       1204.0981271201874     
   1.94493747       1204.2149544902363     
   1.96074998       1204.3089480700723     
   1.97656238       1204.3855685271276     
   1.99237490       1204.4326835326672     
   2.00818753       1204.4629191813599     
   2.02399993       1204.4614864639461     
   2.03981233       1204.4208405188967     
   2.05562496       1204.3563053863004     
   2.07143736       1204.2705317524551     
   2.08724999       1204.1687347157606     
   2.10306239       1204.0822020715821     
   2.11887503       1203.9717202731347     
   2.13468742       1203.8425650058116     
   2.15049982       1203.7148175243726     
   2.16631246       1203.6121015504273     
   2.18212485       1203.4786561463268     
   2.19793749       1203.3253631531418     
   2.21374989       1203.1912023085858     
   2.22956252       1203.0427620863352     
   2.24537492       1202.8971813693299     
   2.26118731       1202.7444416303281     
   2.27699995       1202.5585662623130     
   2.29281235       1202.3642442673104     
   2.30862498       1202.1707007672464     
   2.32443738       1201.9828740411626     
   2.34025002       1201.7884105416863     
   2.35606241       1201.5755758751420     
   2.37187481       1201.3385196672621     
   2.38768744       1201.1078901483374     
   2.40349984       1200.9025215534139     
   2.41931248       1200.7162278399894     
   2.43512487       1200.5433637822796     
   2.45093751       1200.4065382324427     
   2.46674991       1200.2546784136612     
   2.48256230       1200.1106757209966     
   2.49837494       1199.9764176931690     
   2.51418734       1199.8715934192110     
   2.52999997       1199.7615993479280     
   2.54581237       1199.6459711039615     
   2.56162500       1199.5300954042282     
   2.57743740       1199.4165985876039     
   2.59324980       1199.3374318843742     
   2.60906243       1199.2329357698475     
   2.62487483       1199.1130700912017     
   2.64068747       1198.9933354913899     
   2.65649986       1198.8577686691592     
   2.67231250       1198.7352102893180     
   2.68812490       1198.6367950339693     
   2.70393729       1198.5311882983060     
   2.71974993       1198.4110949719332     
   2.73556232       1198.2793915465675     
   2.75137496       1198.1660043220959     
   2.76718736       1198.0543163723448     
   2.78299999       1197.9593286123550     
   2.79881239       1197.8849267432115     
   2.81462479       1197.8292793960322     
   2.83043742       1197.7937951856234     
   2.84624982       1197.7789656307975     
   2.86206245       1197.7679359649189     
   2.87787485       1197.7508124215531     
   2.89368749       1197.7168669572084     
   2.90949988       1197.6688356674679     
   2.92531228       1197.5937158034558     
   2.94112492       1197.5263323773793     
   2.95693731       1197.4689070248583     
   2.97274995       1197.4396887269884     
   2.98856235       1197.4451512932180     
   3.00437498       1197.4585583539313     
   3.02018738       1197.4650553432480     
   3.03600001       1197.4703557293583     
   3.05181241       1197.5020937356098     
   3.06762481       1197.5252227671408     
   3.08343744       1197.5448221565869     
   3.09924984       1197.5516610469142     
   3.11506248       1197.5401533031220     
   3.13087487       1197.5300777224606     
   3.14668751       1197.4980735404001     
   3.16249990       1197.4450170348746     
   3.17831230       1197.3914372222721     
   3.19412494       1197.3172984025350     
   3.20993733       1197.2208606109380     
   3.22574997       1197.1240811813122     
   3.24156237       1197.0558119007908     
   3.25737500       1197.0187015051215     
   3.27318740       1196.9961168425684     
   3.28899980       1196.9657220659581     
   3.30481243       1196.9519134189688     
   3.32062483       1196.9421677249077     
   3.33643746       1196.9504528599623     
   3.35224986       1196.9765312148220     
   3.36806250       1197.0077812122772     
   3.38387489       1197.0059452560322     
   3.39968729       1196.9823224538522     
   3.41549993       1196.9503780542243     
   3.43131232       1196.9350124352627     
   3.44712496       1196.9331525690507     
   3.46293736       1196.9206272822780     
   3.47874999       1196.9045526287539     
   3.49456239       1196.8778986297659     
   3.51037478       1196.8548656143057     
   3.52618742       1196.8304167582839     
   3.54199982       1196.8060523697209     
   3.55781245       1196.7891976827368     
   3.57362485       1196.7695325526777     
   3.58943748       1196.7586026644256     
   3.60524988       1196.7675893157198     
   3.62106228       1196.7846570253460     
   3.63687491       1196.8247778924219     
   3.65268731       1196.8702124806855     
   3.66849995       1196.8984619702589     
   3.68431234       1196.9157579351058     
   3.70012498       1196.9292399843612     
   3.71593738       1196.9569369723824     
   3.73174977       1196.9648064725970     
   3.74756241       1196.9386256898927     
   3.76337481       1196.9048382060653     
   3.77918744       1196.8685067261104     
   3.79499984       1196.8560683792382     
   3.81081247       1196.8421284621468     
   3.82662487       1196.8356189417882     
   3.84243727       1196.8340314639870     
   3.85824990       1196.8190624855149     
   3.87406230       1196.7844540882845     
   3.88987494       1196.7447202455141     
   3.90568733       1196.7131766888897     
   3.92149997       1196.7062234589957     
   3.93731236       1196.7097131318185     
   3.95312476       1196.7070692504244     
   3.96893740       1196.6969949823151     
   3.98474979       1196.6542050617372     
   4.00056219       1196.6257489117183     
   4.01637506       1196.6022449023949     
   4.03218746       1196.5807311070848     
   4.04799986       1196.5702501130459     
