   0.00000000       9.3219392583341811     
   4.00781259E-02   9.3588272887633472     
   8.01562518E-02   9.3556839681399548     
  0.120234378       9.3493305864308223     
  0.160312504       9.3439084443392719     
  0.200390622       9.3412894235550308     
  0.240468755       9.3413483162638329     
  0.280546874       9.3384371946332401     
  0.320625007       9.3350755221230557     
  0.360703140       9.3305298446225056     
  0.400781244       9.3251298005441612     
  0.440859377       9.3221818403470280     
  0.480937511       9.3243157864454407     
  0.521015644       9.3248478583259917     
  0.561093748       9.3218412590271935     
  0.601171911       9.3199638545491812     
  0.641250014       9.3162678449017999     
  0.681328118       9.3170302292721310     
  0.721406281       9.3170954960811176     
  0.761484385       9.3193524136751869     
  0.801562488       9.3198266608600946     
  0.841640651       9.3235807549255973     
  0.881718755       9.3246714946550213     
  0.921796918       9.3246232609256410     
  0.961875021       9.3299086940842226     
   1.00195312       9.3385522371856631     
   1.04203129       9.3502826098286231     
   1.08210945       9.3649817960048622     
   1.12218750       9.3836078302690051     
   1.16226566       9.4051872734470479     
   1.20234382       9.4274713943136099     
   1.24242187       9.4459841226457790     
   1.28250003       9.4528377805141375     
   1.32257819       9.4456601935027109     
   1.36265624       9.4277660445179414     
   1.40273440       9.4055136874430083     
   1.44281256       9.3834949723332830     
   1.48289061       9.3654128784521014     
   1.52296877       9.3493418985328400     
   1.56304693       9.3367158460270634     
   1.60312498       9.3276437618328405     
   1.64320314       9.3179235173048109     
   1.68328130       9.3100955040746012     
   1.72335947       9.3057776777288197     
   1.76343751       9.3035702221725600     
   1.80351567       9.3039067090575731     
   1.84359384       9.3064952719924250     
   1.88367188       9.3091612320020989     
   1.92375004       9.3121830578905893     
   1.96382821       9.3139404248492230     
   2.00390625       9.3170943100494590     
   2.04398441       9.3197634989532609     
   2.08406258       9.3215616912878012     
   2.12414074       9.3214736970251071     
   2.16421890       9.3218717231323502     
   2.20429683       9.3214872374953135     
   2.24437499       9.3222703182850957     
   2.28445315       9.3215666056079360     
   2.32453132       9.3214488165687879     
   2.36460948       9.3209801124846603     
   2.40468764       9.3231043757543048     
   2.44476557       9.3264499955111404     
   2.48484373       9.3305674988880227     
   2.52492189       9.3361757980715367     
   2.56500006       9.3388882190183224     
   2.60507822       9.3354021085837431     
   2.64515638       9.3288203613578027     
   2.68523431       9.3246832326581490     
   2.72531247       9.3205703479884185     
   2.76539063       9.3185299661098924     
   2.80546880       9.3194702310173643     
   2.84554696       9.3182036056860653     
   2.88562512       9.3156946137369268     
   2.92570329       9.3129863216473474     
   2.96578121       9.3108601481539761     
   3.00585938       9.3104969380754223     
   3.04593754       9.3116432213934264     
   3.08601570       9.3132157018060493     
   3.12609386       9.3133320503245507     
   3.16617203       9.3104577764313294     
   3.20624995       9.3089757509951987     
   3.24632812       9.3092618369497444     
   3.28640628       9.3112450294421780     
   3.32648444       9.3136648889963638     
   3.36656260       9.3116956032696336     
   3.40664077       9.3080803623107276     
   3.44671893       9.3040018455962308     
   3.48679686       9.2999357392352273     
   3.52687502       9.2969082453442073     
   3.56695318       9.2885407943860372     
   3.60703135       9.2808866144074340     
   3.64710951       9.2727798758784754     
   3.68718767       9.2639856470863773     
   3.72726560       9.2585871697481430     
   3.76734376       9.2559239005573595     
   3.80742192       9.2576413193637777     
   3.84750009       9.2602310360194089     
   3.88757825       9.2576004326095767     
   3.92765641       9.2559237870099249     
   3.96773434       9.2588247767267333     
   4.00781250       9.2651023900636726     
   4.04789066       9.2716976175223706     
   4.08796883       9.2786041504726171     
   4.12804699       9.2854763188398124     
   4.16812515       9.2900070358368012     
   4.20820332       9.2930692684642935     
   4.24828148       9.2960497171238359     
   4.28835964       9.2985111835976308     
   4.32843781       9.3047862003749060     
   4.36851549       9.3093952045652912     
   4.40859365       9.3132730238302219     
   4.44867182       9.3147177303346282     
   4.48874998       9.3161135776137360     
   4.52882814       9.3220445554864195     
   4.56890631       9.3253804030742700     
   4.60898447       9.3300694922708249     
   4.64906263       9.3357166646142158     
   4.68914080       9.3390439914745098     
   4.72921896       9.3406227837663263     
   4.76929712       9.3407697150480722     
   4.80937529       9.3429469776883671     
   4.84945345       9.3428657903482364     
   4.88953114       9.3442891028150203     
   4.92960930       9.3456590081203998     
   4.96968746       9.3462252126621266     
   5.00976562       9.3467236733630301     
   5.04984379       9.3471009554712836     
   5.08992195       9.3494369407723266     
   5.13000011       9.3551418948687068     
   5.17007828       9.3532544802414090     
   5.21015644       9.3541391043235187     
   5.25023460       9.3559804372069539     
   5.29031277       9.3583673560430167     
   5.33039093       9.3603881619523861     
   5.37046862       9.3633653260850505     
   5.41054678       9.3620822098591923     
   5.45062494       9.3594314328566774     
   5.49070311       9.3573032759996799     
   5.53078127       9.3561119929801997     
   5.57085943       9.3547348522824620     
   5.61093760       9.3523301357201394     
   5.65101576       9.3505569820977126     
   5.69109392       9.3480144540074050     
   5.73117208       9.3439516843428354     
   5.77125025       9.3401269868687002     
   5.81132841       9.3420286357105571     
   5.85140657       9.3445402839913392     
   5.89148426       9.3472394445325158     
   5.93156242       9.3447435444234639     
   5.97164059       9.3407411520192696     
   6.01171875       9.3378657864397425     
   6.05179691       9.3332673915850037     
   6.09187508       9.3296619338506570     
   6.13195324       9.3207282727980196     
   6.17203140       9.3096462884831279     
   6.21210957       9.2962494161347919     
   6.25218773       9.2807965974646844     
   6.29226589       9.2665886176185239     
   6.33234406       9.2530044783116665     
   6.37242222       9.2388181093998423     
   6.41249990       9.2262841932458279     
   6.45257807       9.2383181222741708     
   6.49265623       9.2523628621919052     
   6.53273439       9.2661004887027456     
   6.57281256       9.2812750531727648     
   6.61289072       9.2966834011394095     
   6.65296888       9.3079896356419489     
   6.69304705       9.3183587622862873     
   6.73312521       9.3264755857218358     
   6.77320337       9.3312430689955264     
   6.81328154       9.3321265632240156     
   6.85335970       9.3322701790467431     
   6.89343786       9.3323376543307699     
   6.93351555       9.3331766195149086     
   6.97359371       9.3340478014091399     
   7.01367188       9.3350595064275819     
   7.05375004       9.3338467402737155     
   7.09382820       9.3354380358792941     
   7.13390636       9.3361992794487598     
   7.17398453       9.3390853395160480     
   7.21406269       9.3421438701580861     
   7.25414085       9.3462951370288749     
   7.29421902       9.3456606462406864     
   7.33429718       9.3415936428763580     
   7.37437534       9.3382507689897363     
   7.41445351       9.3372211912220493     
   7.45453119       9.3375638731407999     
   7.49460936       9.3383488580761593     
   7.53468752       9.3405829636954785     
   7.57476568       9.3427753340043189     
   7.61484385       9.3477802136027783     
   7.65492201       9.3526232962313127     
   7.69500017       9.3543453323690748     
   7.73507833       9.3503207988290793     
   7.77515650       9.3436055038630883     
   7.81523466       9.3366074364211755     
   7.85531282       9.3324762219408672     
   7.89539099       9.3314294261649220     
   7.93546867       9.3310171186815900     
   7.97554684       9.3287590348496341     
   8.01562500       9.3272901246986457     
   8.05570316       9.3224201090512757     
   8.09578133       9.3179173598227880     
   8.13585949       9.3163386486143640     
   8.17593765       9.3169280902578802     
   8.21601582       9.3175405902124453     
   8.25609398       9.3160837243051802     
   8.29617214       9.3169118855068831     
   8.33625031       9.3161664301973595     
   8.37632847       9.3155057670272399     
   8.41640663       9.3157487340045968     
   8.45648479       9.3175239995792971     
   8.49656296       9.3151933241308686     
   8.53664112       9.3110205275323565     
   8.57671928       9.3126260702383643     
   8.61679745       9.3149967225624248     
   8.65687561       9.3156874820600031     
   8.69695282       9.3154910021589128     
   8.73703098       9.3174220047098899     
   8.77710915       9.3217093575035985     
   8.81718731       9.3247929410206716     
   8.85726547       9.3287762799134093     
   8.89734364       9.3325353890913849     
   8.93742180       9.3359882625436441     
   8.97749996       9.3364193775033826     
   9.01757812       9.3358844992637451     
   9.05765629       9.3334984866172110     
   9.09773445       9.3305900669756383     
   9.13781261       9.3270670579028216     
   9.17789078       9.3231334320659638     
   9.21796894       9.3208167021267929     
   9.25804710       9.3194979353513379     
   9.29812527       9.3183827497706044     
   9.33820343       9.3176023885123627     
   9.37828159       9.3170306301363937     
   9.41835976       9.3170841636343944     
   9.45843792       9.3132247312860859     
   9.49851608       9.3117644878317680     
   9.53859425       9.3104317353179695     
   9.57867241       9.3096710681451036     
   9.61875057       9.3095907944097345     
   9.65882874       9.3101023022785920     
   9.69890690       9.3102402411525311     
   9.73898411       9.3121310028126150     
   9.77906227       9.3145517291522140     
   9.81914043       9.3156236052174179     
   9.85921860       9.3134734847586635     
   9.89929676       9.3098489012823737     
   9.93937492       9.3089405190373249     
   9.97945309       9.3060926761561458     
   10.0195312       9.3047898225165913     
   10.0596094       9.3027429939437773     
   10.0996876       9.3019086720193904     
   10.1397657       9.3048767741105536     
   10.1798439       9.3094816923341828     
   10.2199221       9.3171880126932294     
   10.2600002       9.3208825378897018     
